0.015
0.113813467274358
0.305102215889142
0.501697095880093
0.886225140899733
1.11901685354813
1.37462007990225
1.629340600215
1.86753896230715
2.03653417391908
2.18818939079278
2.34078506912854
2.49165142058073
2.64553400724186
2.79339489713263
2.93496694628039
3.06710204711087
3.20001621703495
3.33068846499306
3.57522029160926
3.78391176453882
4.48529988018365
5.16024906290988
5.76415096324387
5.94176916922446
6.08386373400893
6.24372011939146
6.38623405851924
6.5809578058659
6.77467408931486
6.96728833819309
