0.015
0.113813467274358
0.305102215889142
0.501697095880093
0.886225140899733
1.11901685354813
1.37462007990225
1.629340600215
1.86753896230715
2.03653417391908
2.18818939079278
2.34078506912854
2.49165142058073
2.64553400724186
2.79339489713263
2.93496694628039
3.06710204711087
3.20001621703495
3.33068846499306
3.57522029160926
3.78391176453882
3.93985228583721
4.06200551696914
4.16279677900364
4.30594292151536
4.40997124816982
4.50392060460455
4.60136725587124
4.6984687330946
4.79483945737808
4.86395519044441
4.9073037553481
4.95222123292073
5.00731833714477
5.06429860591413
5.09746971988387
5.14697006761858
5.22539040561108
5.38790366048098
5.5302174934095
5.69829416327207
5.89574008130201
6.09252905025366
6.28853372245547
6.48371551629396
6.67794146684814
6.87113753526709
