0.015
0.100853699731184
0.30079105671574
0.500423737095552
0.686460107232717
0.971965891069515
1.22426278507019
1.46555132108906
1.69980538777056
1.92365058230921
2.12779112056748
2.31168213942351
2.47304625147468
2.5976507355547
2.71376161389236
2.82342804390718
2.99334858663201
3.14103049737452
3.2424024191435
3.42626000125383
3.56742417709632
3.69324314231334
3.80818835649496
3.91960092952082
4.03043135902225
4.14545533605442
4.26998808065713
4.37784953956879
4.46365929482242
4.57411090798529
4.74251592533118
4.8635576561782
4.92123370423432
4.99054455935373
5.07674041475887
5.20635397681512
5.32005251230984
5.48310248709212
5.59934599741895
5.79709036112537
5.99422313350181
6.19063508151514
6.38623405851924
6.5809578058659
6.77467408931486
6.96728833819309
