2003GL017969-TableS3_1.txt

Table S3.1 Retrieved column abundances of CH4, HF, O2 (molecules cm(-2)), b (unitless), and calculated tropospheric CH4 VMR.

Date		CH4_column	O2_column	HF_column	b		CH4_trop_VMR
5/17/1977	2.49e+19	3.61e+24	2.20e+14	-3337		1.49e-06
5/16/1978	2.58e+19	3.66e+24	2.15e+14	-2941		1.51e-06
10/28/1978	2.58e+19	3.61e+24	1.79e+14	-2785		1.52e-06
11/19/1978	2.59e+19	3.62e+24	1.92e+14	-2765		1.53e-06
12/10/1978	2.58e+19	3.62e+24	2.71e+14	-2745		1.53e-06
3/30/1979	2.59e+19	3.68e+24	2.71e+14	-2643		1.52e-06
3/31/1979	2.59e+19	3.69e+24	2.70e+14	-2642		1.52e-06
8/29/1979	2.59e+19	3.65e+24	2.57e+14	-2513		1.52e-06
8/30/1979	2.59e+19	3.65e+24	2.63e+14	-2512		1.52e-06
10/30/1979	2.63e+19	3.65e+24	2.59e+14	-2463		1.54e-06
11/24/1979	2.58e+19	3.64e+24	2.83e+14	-2443		1.53e-06
12/2/1979	2.65e+19	3.70e+24	3.03e+14	-2437		1.54e-06
2/23/1980	2.63e+19	3.65e+24	2.46e+14	-2370		1.54e-06
3/17/1980	2.64e+19	3.70e+24	3.42e+14	-2351		1.54e-06
3/18/1980	2.58e+19	3.65e+24	3.95e+14	-2351		1.53e-06
5/12/1980	2.63e+19	3.67e+24	3.03e+14	-2306		1.54e-06
6/12/1980	2.62e+19	3.64e+24	2.76e+14	-2283		1.54e-06
9/23/1980	2.67e+19	3.69e+24	2.53e+14	-2212		1.55e-06
11/16/1980	2.60e+19	3.60e+24	2.78e+14	-2175		1.55e-06
1/31/1981	2.64e+19	3.67e+24	3.61e+14	-2123		1.55e-06
2/22/1981	2.63e+19	3.64e+24	3.63e+14	-2108		1.56e-06
3/22/1981	2.67e+19	3.67e+24	2.86e+14	-2089		1.56e-06
3/23/1981	2.67e+19	3.67e+24	3.09e+14	-2088		1.56e-06
5/9/1981	2.64e+19	3.64e+24	3.18e+14	-2056		1.56e-06
10/22/1981	2.72e+19	3.69e+24	2.67e+14	-1964		1.57e-06
10/23/1981	2.71e+19	3.68e+24	2.80e+14	-1963		1.58e-06
11/9/1981	2.70e+19	3.69e+24	3.62e+14	-1954		1.58e-06
11/10/1981	2.70e+19	3.70e+24	3.45e+14	-1953		1.57e-06
12/20/1981	2.66e+19	3.65e+24	3.76e+14	-1932		1.57e-06
2/13/1982	2.63e+19	3.61e+24	5.44e+14	-1902		1.59e-06
5/13/1982	2.67e+19	3.62e+24	4.71e+14	-1855		1.60e-06
5/15/1982	2.66e+19	3.62e+24	5.07e+14	-1854		1.60e-06
5/16/1982	2.66e+19	3.62e+24	4.78e+14	-1853		1.59e-06
5/24/1982	2.64e+19	3.64e+24	4.84e+14	-1849		1.57e-06
5/25/1982	2.61e+19	3.59e+24	4.72e+14	-1848		1.57e-06
9/22/1982	2.67e+19	3.61e+24	3.44e+14	-1794		1.58e-06
9/23/1982	2.67e+19	3.63e+24	3.26e+14	-1794		1.58e-06
10/1/1982	2.75e+19	3.66e+24	3.34e+14	-1790		1.61e-06
10/31/1982	2.69e+19	3.61e+24	3.87e+14	-1777		1.60e-06
11/1/1982	2.71e+19	3.62e+24	3.62e+14	-1776		1.60e-06
12/20/1982	2.69e+19	3.61e+24	3.81e+14	-1754		1.60e-06
12/21/1982	2.67e+19	3.61e+24	4.23e+14	-1754		1.59e-06
1/12/1983	2.67e+19	3.62e+24	4.10e+14	-1744		1.59e-06
1/13/1983	2.67e+19	3.63e+24	4.29e+14	-1744		1.58e-06
2/22/1983	2.63e+19	3.59e+24	5.31e+14	-1726		1.59e-06
2/23/1983	2.65e+19	3.62e+24	4.43e+14	-1725		1.58e-06
5/28/1983	2.70e+19	3.64e+24	4.38e+14	-1683		1.60e-06
6/27/1983	2.72e+19	3.68e+24	4.20e+14	-1672		1.59e-06
6/28/1983	2.75e+19	3.70e+24	3.92e+14	-1672		1.59e-06
11/28/1983	2.72e+19	3.62e+24	5.14e+14	-1616		1.62e-06
11/29/1983	2.71e+19	3.63e+24	4.96e+14	-1615		1.61e-06
6/8/1984	2.74e+19	3.66e+24	5.11e+14	-1546		1.62e-06
7/31/1984	2.72e+19	3.64e+24	4.10e+14	-1532		1.60e-06
12/13/1985	2.80e+19	3.65e+24	4.43e+14	-1399		1.64e-06
12/20/1985	2.79e+19	3.67e+24	5.25e+14	-1397		1.64e-06
6/6/1989	2.79e+19	3.60e+24	6.68e+14	-1125		1.67e-06
11/6/1989	2.82e+19	3.65e+24	5.58e+14	-1099		1.65e-06
12/4/1989	2.85e+19	3.67e+24	6.52e+14	-1095		1.67e-06
12/5/1989	2.85e+19	3.66e+24	6.54e+14	-1094		1.67e-06
2/15/1990	2.78e+19	3.60e+24	8.23e+14	-1082		1.67e-06
4/3/1990	2.85e+19	3.68e+24	6.89e+14	-1075		1.66e-06
5/3/1990	2.80e+19	3.59e+24	7.32e+14	-1070		1.68e-06
5/4/1990	2.82e+19	3.62e+24	7.56e+14	-1070		1.68e-06
5/5/1990	2.81e+19	3.59e+24	7.73e+14	-1069		1.69e-06
5/6/1990	2.82e+19	3.58e+24	7.13e+14	-1069		1.70e-06
9/7/1990	2.88e+19	3.70e+24	6.15e+14	-1048		1.67e-06
10/8/1990	2.92e+19	3.66e+24	5.06e+14	-1043		1.70e-06
5/4/1991	2.88e+19	3.70e+24	8.09e+14	-1007		1.68e-06
5/5/1991	2.84e+19	3.64e+24	8.44e+14	-1007		1.68e-06
12/13/1991	2.88e+19	3.63e+24	7.34e+14	-972		1.71e-06
12/14/1991	2.85e+19	3.57e+24	7.39e+14	-972		1.71e-06
1/13/1992	2.84e+19	3.61e+24	8.13e+14	-968		1.70e-06
1/14/1992	2.82e+19	3.57e+24	9.12e+14	-967		1.71e-06
5/3/1992	2.88e+19	3.65e+24	6.07e+14	-951		1.69e-06
5/4/1992	2.86e+19	3.64e+24	6.62e+14	-950		1.68e-06
5/5/1992	2.82e+19	3.57e+24	8.07e+14	-950		1.70e-06
8/31/1992	2.88e+19	3.65e+24	6.16e+14	-932		1.68e-06

